57,2
57,1
57,0
36,5
36,4
36,3
36,2
36,1
36,0
31,5
31,4
31,3
31,2
31,1
31,0
27,5
27,4
27,3
27,2
27,1
27,0
25,19
25,18
25,17
25,16
25,14
25,13
25,10
25,9
25,8
25,7
25,6
25,5
25,4
25,3
25,2
25,1
25,0
23,4
23,3
23,2
23,1
23,0
21,4
21,3
21,2
21,1
21,0
17,4
17,3
17,2
17,1
17,0
11,4
11,3
11,2
11,1
11,0
10,4
10,3
10,2
10,1
10,0
9,3
9,2
9,1
9,0
8,4
8,3
8,2
8,1
8,0
6,3
6,2
6,1
6,0
5,3
5,2
5,1
5,0
4,3
4,2
4,1
4,0
3,6
3,5
3,4
3,3
3,2
3,1
3,0
2,15
2,14
2,13
2,12
2,11
2,10
2,8
2,7
2,5
2,4
2,3
2,2
2,1
2,0
1,3
1,2
1,1
1,0
0,446
0,444
0,437
0,408
0,322
0,243
0,9
0,1
0,0
0,310
0,305
0,405
0,308
0,304
0,303
0,302
0,307
0,12
0,394
0,10
0,8
0,337
0,300
0,377
0,299
0,431
0,298
0,413
0,297
0,412
0,296
0,295
0,326
0,294
0,410
0,293
0,368
0,292
0,407
0,291
0,290
0,348
0,289
0,430
0,288
0,404
0,287
0,409
0,286
0,285
0,434
0,284
0,401
0,283
0,400
0,282
0,399
0,281
0,280
0,397
0,279
0,321
0,278
0,396
57,3
57,4
57,6
57,7
57,9
58,0
58,2
58,4
58,5
62,0
62,1
62,3
62,5
62,7
64,1
64,2
64,4
64,5
67,1
67,3
67,4
67,6
75,0
75,2
75,4
75,5
81,0
81,1
81,3
81,4
82,1
82,3
82,4
87,1
87,2
87,5
87,7
87,8
89,1
89,2
89,4
89,5
93,0
93,2
93,3
93,5
93,6
95,0
95,2
95,3
95,5
95,6
96,1
96,3
96,4
96,6
97,0
97,2
97,3
97,5
97,7
97,9
99,1
99,2
99,4
100,1
100,2
100,4
100,5
101,1
101,2
101,4
103,0
103,1
103,3
103,4
106,0
106,2
106,3
106,5
106,6
106,8
111,0
111,2
111,4
111,5
113,0
113,1
113,3
113,5
115,0
115,2
115,3
115,5
116,1
116,2
118,0
118,1
118,3
118,4
119,0
119,2
119,3
119,5
119,6
119,8
123,0
123,1
123,3
123,4
123,6
125,0
125,2
125,4
126,0
126,2
126,3
126,5
127,0
127,1
127,3
127,4
128,1
128,2
128,4
131,1
131,2
131,4
131,5
133,1
133,3
133,4
134,1
134,2
134,4
137,0
137,2
137,4
137,5
139,1
139,2
139,4
140,0
140,1
140,3
140,4
140,6
140,8
140,9
141,1
141,2
141,4
145,0
145,2
145,4
145,5
146,0
146,1
146,3
147,0
147,1
147,3
147,4
148,1
148,2
148,5
150,1
150,2
155,0
155,1
155,3
155,5
157,0
157,2
157,3
158,1
158,2
159,0
159,2
159,3
159,5
161,0
161,2
161,4
163,0
163,2
163,3
165,0
165,2
165,3
166,1
166,2
166,4
167,0
167,2
168,0
168,1
168,3
168,2
167,3
167,1
166,3
166,0
165,1
163,4
163,1
161,3
161,1
159,4
159,1
158,3
158,0
157,1
155,4
155,2
150,3
150,0
148,3
148,0
147,2
146,4
146,2
145,6
145,3
145,1
141,3
141,0
140,7
140,5
140,2
139,5
139,3
139,0
137,3
137,1
134,3
134,0
133,2
133,0
131,3
131,0
128,3
128,0
127,2
126,6
126,4
126,1
125,3
125,1
123,5
123,2
119,9
119,7
119,4
119,1
118,5
118,2
116,3
116,0
115,4
115,1
113,4
113,2
111,6
111,3
111,1
106,7
106,4
106,1
103,5
103,2
101,5
101,3
101,0
100,3
100,0
99,3
99,0
97,6
97,4
97,1
96,5
96,2
96,0
95,4
95,1
93,7
93,4
93,1
89,6
89,3
89,0
87,6
87,3
87,0
82,2
82,0
81,2
75,6
75,3
75,1
67,5
67,2
67,0
64,3
64,0
62,4
62,2
58,6
58,3
58,1
57,8
57,5
0,277
0,445
0,276
0,439
0,275
0,393
0,274
0,392
0,273
0,438
0,272
0,271
0,390
0,270
0,443
0,269
0,391
0,268
0,388
0,267
0,387
0,266
0,386
0,265
0,385
0,264
0,384
0,263
0,262
0,436
0,261
0,382
0,260
0,381
0,259
0,380
0,258
0,427
0,257
0,256
0,378
0,255
0,357
0,254
0,376
0,253
0,375
0,252
0,426
0,251
0,374
0,250
0,373
0,249
0,372
0,248
0,371
0,247
0,370
0,246
0,425
0,245
0,435
0,244
0,345
0,242
0,367
0,241
0,369
0,240
0,406
0,239
0,365
0,238
0,364
0,237
0,342
0,236
0,362
0,235
0,361
0,234
0,424
0,233
0,366
0,232
0,231
0,358
0,230
0,433
0,229
0,395
0,228
0,356
0,227
0,355
0,226
0,363
0,225
0,353
0,224
0,352
0,223
0,351
0,222
0,423
0,221
0,339
0,220
0,350
0,219
0,349
0,218
0,333
0,217
0,347
0,216
0,346
0,215
0,323
0,214
0,344
0,213
0,421
0,212
0,420
0,211
0,210
0,441
0,209
0,208
0,340
0,207
0,389
0,206
0,338
0,205
0,204
0,336
0,203
0,335
0,202
0,334
0,201
0,447
0,200
0,332
0,199
0,419
0,198
0,432
0,197
0,331
0,196
0,330
0,195
0,329
0,194
0,328
0,193
0,327
0,192
0,429
0,63
0,325
0,62
0,324
0,61
0,440
0,60
0,360
0,59
0,418
0,58
0,57
0,320
0,56
0,319
0,55
0,354
0,54
0,317
0,53
0,415
0,52
0,315
0,51
0,314
0,50
0,442
0,49
0,312
0,48
0,311
0,47
0,422
0,46
0,306
0,45
0,301
0,6
0,5
0,403
0,11
0,4
0,2
0,3
0,7
